ID Year
00001 2015
00001 2018
00012 2017
00015 2018
00016 2016
00017 2018
00022 2015
00026 2015
00026 2016
00042 2018
00047 2017
00053 2016
00055 2018
00064 2017
00066 2015
00074 2016
00078 2015
00105 2015
00122 2015
00125 2015
00136 2017
00136 2018
00139 2018
00143 2017
00144 2017
00145 2015
00145 2018
00151 2018
00152 2017
00152 2018
00157 2016
00157 2018
00158 2017
00158 2018
00160 2016
00160 2018
00165 2016
00165 2018
00170 2018
00172 2016
00172 2018
00179 2015
00179 2016
00181 2015
00181 2016
00181 2017
00191 2017
00196 2015
00205 2016
00211 2015
00217 2016
00219 2016
00219 2017
00220 2018
00221 2018
00223 2018
00236 2016
00237 2015
00237 2016
00248 2018
00251 2016
00251 2018
00254 2015
00254 2018
00257 2016
00257 2017
00261 2016
00264 2017
00264 2018
00281 2015
00281 2016
00287 2015
00289 2017
00290 2015
00290 2018
00312 2017
00317 2016
00317 2017
00324 2016
00327 2015
00327 2016
00327 2018
00328 2018
00330 2016
00331 2015
00334 2018
00335 2016
00335 2017
00343 2018
00346 2015
00353 2017
00355 2017
00359 2018
00360 2018
00370 2017
00370 2018
00378 2015
00383 2017
00384 2016
00385 2016
00392 2018
00393 2015
00394 2016
00395 2015
00396 2017
00403 2016
00406 2016
00406 2018
00409 2016
00410 2015
00416 2015
00418 2016
00422 2015
00432 2017
00438 2016
00461 2015
00461 2016
00466 2015
00466 2016
00466 2018
00467 2015
00467 2017
00469 2018
00480 2017
00486 2017
00487 2017
00492 2018
00493 2017
00495 2016
00507 2016
00508 2017
00509 2015
00511 2015
00512 2018
00513 2016
00517 2017
00519 2016
00520 2015
00520 2018
00521 2015
00523 2015
00523 2016
00539 2016
00545 2015
00545 2018
00553 2015
00553 2016
00557 2016
00560 2017
00561 2015
00563 2015
00563 2018
00567 2017
00574 2015
00577 2015
00577 2018
00582 2016
00582 2017
00584 2018
00589 2016
00589 2017
00597 2018
00599 2015
00601 2016
00601 2017
00601 2018
00602 2016
00618 2015
00618 2016
00618 2018
00624 2018
00629 2015
00631 2018
00633 2015
00633 2016
00633 2018
00636 2016
00636 2017
00636 2018
00639 2015
00639 2016
00640 2015
00644 2015
00646 2015
00646 2017
00648 2015
00648 2016
00662 2016
00662 2018
00666 2018
00668 2015
00673 2015
00673 2016
00673 2018
00678 2018
00686 2015
00686 2018
00687 2018
00693 2016
00698 2015
00699 2016
00702 2017
00725 2017
00729 2018
00730 2018
00747 2018
00749 2016
00753 2017
00754 2016
00757 2018
00763 2017
00764 2015
00770 2018
00772 2015
00778 2016
00785 2016
00794 2016
00796 2017
00798 2015
00799 2015
00809 2018
00812 2015
00812 2017
00818 2015
00830 2018
00832 2016
00832 2017
00837 2015
00837 2016
00840 2018
00847 2017
00854 2017
00856 2017
00861 2016
00864 2018
00871 2015
00881 2015
00881 2017
00886 2017
00894 2016
00896 2015
00896 2016
00896 2017
00897 2015
00897 2017
00898 2016
00900 2015
00900 2018
00909 2016
00911 2015
00917 2016
00917 2018
00918 2017
00923 2018
00925 2016
00926 2016
00927 2015
00933 2016
00935 2015
00935 2017
00935 2018
00938 2015
00939 2018
00941 2015
00943 2015
00943 2017
00943 2018
00949 2018
00952 2015
00952 2016
00952 2017
00958 2015
00959 2017
00959 2018
00960 2017
00964 2016
00964 2018
00965 2015
00971 2016
00974 2016
00974 2017
00975 2018
00976 2015
00976 2017
00977 2015
00977 2017
00982 2016
00982 2018
00985 2016
00985 2017
00992 2015
00994 2017
01000 2016
01000 2018
01002 2016
01011 2017
01013 2017
01018 2015
01018 2017
01020 2016
01020 2018
01021 2018
01025 2017
01026 2017
01038 2015
01041 2015
01041 2016
01041 2017
01047 2015
01054 2015
01055 2015
01062 2015
01062 2017
01063 2015
01066 2016
01071 2016
01083 2015
01089 2016
01094 2018
01098 2016
01100 2016
01103 2015
01103 2018
01104 2016
01106 2015
01107 2016
01107 2017
01122 2016
01126 2015
01127 2015
01127 2016
01127 2017
01130 2016
01134 2015
01138 2016
01138 2018
01140 2017
01145 2016
01149 2017
01151 2016
01155 2017
01160 2017
01174 2015
01178 2017
01179 2018
01180 2015
01185 2015
01186 2015
01186 2018
01192 2016
01196 2017
01198 2016
01213 2018
01218 2016
01233 2018
01239 2018
01248 2015
01249 2018
01259 2016
01262 2015
01267 2017
01270 2017
01270 2018
01280 2017
01282 2015
01282 2016
01287 2015
01290 2016
01290 2018
01300 2016
01302 2018
01306 2016
01309 2015
01316 2018
01319 2017
01320 2017
01320 2018
01326 2016
01333 2016
01341 2016
01350 2015
01364 2018
01372 2016
01384 2016
01385 2018
01388 2016
01390 2015
01390 2018
01391 2018
01393 2015
01394 2015
01397 2016
01404 2016
01404 2017
01407 2018
01409 2016
01409 2017
01412 2015
01413 2017
01413 2018
01421 2015
01421 2017
01430 2015
01430 2016
01434 2017
01440 2015
01440 2018
01453 2015
01453 2016
01455 2018
01466 2017
01473 2016
01478 2017
01479 2015
01484 2016
01488 2017
01496 2017
01496 2018
01498 2018
01499 2017
01500 2018
01501 2018
01503 2015
01503 2016
01506 2016
01506 2017
01515 2015
01515 2016
01515 2018
01518 2017
01524 2018
01525 2018
01527 2017
01527 2018
01529 2017
01530 2018
01531 2015
01537 2015
01540 2018
01553 2018
01557 2015
01557 2016
01557 2017
01561 2016
01566 2015
01569 2017
01571 2016
01573 2015
01573 2016
01575 2016
01575 2017
01578 2016
01578 2018
01580 2015
01582 2015
01591 2016
01591 2017
01593 2017
01593 2018
01597 2016
01597 2018
01601 2016
01601 2017
01601 2018
01602 2016
01605 2016
01608 2017
01611 2016
01614 2016
01614 2018
01621 2017
01622 2017
01625 2015
01625 2016
01626 2018
01627 2018
01629 2015
01629 2017
01630 2018
01636 2015
01641 2018
01645 2016
01646 2015
01646 2018
01656 2018
01660 2015
01661 2015
01666 2015
01666 2016
01672 2015
01673 2017
01680 2018
01682 2017
01684 2017
01690 2018
01692 2015
01695 2015
01695 2016
01696 2017
01696 2018
01701 2015
01712 2016
01713 2016
01714 2015
01720 2015
01728 2016
01728 2018
01736 2017
01743 2016
01747 2017
01752 2015
01754 2018
01756 2016
01758 2016
01758 2017
01765 2015
01765 2016
01765 2018
01766 2015
01766 2016
01766 2018
01767 2015
01769 2015
01772 2015
01773 2018
01775 2015
01780 2016
01781 2018
01783 2015
01783 2018
01793 2017
01795 2017
01795 2018
01805 2016
01806 2015
01806 2016
01806 2017
01810 2016
01813 2015
01814 2015
01817 2018
01822 2017
01825 2017
01829 2016
01829 2017
01832 2016
01832 2017
01835 2017
01837 2016
01838 2018
01841 2016
01841 2018
01842 2017
01849 2018
01864 2015
01864 2017
01873 2016
01882 2018
01883 2015
01883 2016
01885 2018
01888 2017
01888 2018
01899 2016
01899 2017
01901 2018
01903 2016
01904 2018
01909 2016
01909 2017
01909 2018
01920 2015
01920 2016
01924 2017
01928 2018
01945 2015
01947 2015
01952 2015
01952 2016
01953 2018
01958 2015
01958 2017
01960 2015
01960 2017
01960 2018
01965 2015
01965 2017
01967 2016
01981 2016
01989 2015
01989 2017
01990 2015
01990 2018
01992 2017
01995 2016
02000 2016
02001 2017
02010 2015
02017 2016
02017 2018
02019 2016
02019 2018
02022 2015
02025 2016
02026 2015
02032 2015
02032 2018
02037 2015
02037 2016
02037 2018
02046 2017
02047 2015
02055 2015
02060 2015
02063 2015
02068 2016
02069 2016
02073 2015
02078 2017
02080 2015
02080 2016
02085 2015
02089 2018
02091 2015
02099 2018
02102 2018
02111 2015
02114 2018
02118 2015
02118 2017
02119 2016
02119 2017
02120 2015
02121 2016
02129 2016
02129 2017
02131 2017
02132 2016
02134 2015
02143 2015
02149 2018
02153 2016
02160 2017
02163 2015
02163 2018
02167 2016
02167 2018
02172 2015
02176 2016
02178 2016
02178 2017
02178 2018
02183 2018
02185 2016
02190 2015
02192 2015
02193 2015
02198 2018
02199 2017
02201 2016
02203 2015
02209 2018
02211 2018
02222 2015
02233 2017
02235 2018
02238 2016
02247 2018
02248 2016
02255 2017
02259 2015
02259 2017
02260 2015
02260 2016
02260 2018
02261 2018
02264 2015
02264 2017
02266 2015
02266 2018
02271 2018
02274 2016
02277 2017
02280 2017
02290 2016
02292 2018
02294 2016
02296 2015
02309 2017
02310 2016
02314 2017
02314 2018
02330 2015
02330 2017
02332 2015
02332 2016
02335 2018
02337 2015
02352 2017
02357 2015
02363 2015
02363 2016
02366 2015
02371 2015
02371 2017
02372 2017
02376 2017
02378 2015
02378 2017
02378 2018
02387 2016
02389 2015
02393 2016
02393 2017
02397 2016
02416 2015
02419 2017
02422 2017
02423 2017
02425 2017
02432 2017
02438 2015
02438 2017
02439 2016
02442 2016
02445 2015
02445 2018
02447 2018
02453 2016
02463 2018
02478 2016
02486 2015
02502 2015
02506 2018
02510 2016
02514 2018
02517 2015
02518 2018
02526 2015
02526 2016
02529 2017
02541 2017
02542 2017
02543 2018
02558 2015
02558 2016
02560 2015
02560 2016
02560 2018
02561 2015
02561 2018
02566 2017
02568 2017
02576 2018
02586 2015
02586 2016
02586 2017
02587 2016
02587 2018
02589 2017
02595 2017
02596 2015
02596 2018
02607 2018
02608 2015
02610 2015
02611 2015
02618 2017
02628 2018
02632 2015
02634 2017
02641 2018
02646 2016
02651 2017
02656 2017
02657 2017
02664 2015
02669 2015
02669 2016
02674 2017
02674 2018
02675 2015
02675 2018
02683 2015
02689 2018
02690 2015
02695 2017
02696 2015
02707 2015
02708 2016
02713 2015
02720 2016
02721 2015
02723 2015
02728 2015
02731 2018
02739 2015
02744 2016
02745 2015
02745 2017
02750 2017
02758 2015
02758 2017
02759 2015
02760 2016
02760 2017
02762 2017
02765 2015
02765 2016
02766 2015
02766 2016
02768 2016
02768 2018
02773 2015
02773 2018
02778 2017
02778 2018
02785 2016
02791 2018
02792 2016
02795 2016
02795 2017
02798 2015
02798 2017
02800 2018
02805 2016
02807 2017
02816 2018
02821 2017
02822 2016
02828 2017
02831 2017
02832 2015
02843 2016
02845 2017
02846 2015
02847 2015
02849 2018
02850 2015
02859 2015
02860 2018
02861 2015
02861 2016
02862 2017
02862 2018
02863 2015
02867 2015
02867 2018
02871 2017
02874 2018
02878 2018
02883 2015
02883 2016
02887 2017
02897 2016
02907 2015
02907 2017
02913 2017
02916 2015
02922 2018
02928 2017
02933 2016
02935 2018
02942 2016
02942 2018
02944 2017
02944 2018
02945 2015
02949 2017
02950 2016
02956 2017
02958 2016
02964 2015
02964 2018
02971 2015
02982 2015
02982 2018
02983 2018
02996 2015
02996 2018
02997 2015
03005 2015
03005 2016
03006 2018
03012 2015
03013 2018
03023 2018
03025 2015
03027 2018
03030 2015
03030 2018
03032 2015
03032 2017
03036 2016
03036 2018
03042 2016
03046 2017
03051 2015
03051 2016
03058 2015
03058 2017
03060 2018
03064 2017
03064 2018
03071 2016
03075 2017
03076 2015
03079 2017
03082 2018
03086 2015
03087 2018
03090 2015
03097 2016
03099 2017
03103 2015
03104 2018
03116 2016
03116 2018
03120 2016
03122 2018
03142 2017
03144 2017
03146 2017
03146 2018
03152 2017
03156 2015
03156 2017
03167 2018
03176 2015
03177 2015
03196 2016
03196 2017
03197 2016
03201 2015
03201 2016
03205 2015
03205 2017
03207 2015
03207 2017
03210 2015
03213 2015
03213 2018
03217 2017
03220 2017
03221 2017
03222 2015
03225 2017
03233 2016
03235 2017
03235 2018
03237 2017
03247 2015
03247 2017
03247 2018
03252 2016
03254 2017
03260 2016
03262 2015
03262 2017
03268 2017
03273 2017
03274 2017
03275 2017
03276 2016
03279 2016
03283 2017
03284 2017
03284 2018
03291 2015
03293 2017
03295 2017
03304 2016
03306 2015
03318 2015
03319 2015
03321 2015
03325 2017
03326 2016
03331 2016
03331 2017
03334 2015
03334 2016
03337 2018
03339 2018
03346 2015
03347 2016
03354 2017
03357 2015
03358 2016
03360 2018
03367 2016
03377 2015
03379 2016
03381 2018
03383 2015
03383 2016
03383 2017
03385 2017
03385 2018
03386 2015
03388 2018
03393 2015
03394 2016
03394 2018
03397 2016
03398 2017
03398 2018
03406 2018
03409 2017
03417 2016
03418 2017
03418 2018
03434 2017
03434 2018
03436 2015
03436 2016
03439 2018
03452 2015
03453 2016
03453 2018
03454 2017
03456 2017
03460 2015
03463 2015
03468 2015
03468 2018
03476 2015
03476 2017
03480 2015
03480 2018
03483 2017
03490 2017
03493 2017
03495 2015
03495 2017
03496 2015
03500 2017
03502 2015
03512 2017
03513 2018
03514 2015
03518 2015
03518 2016
03521 2017
03524 2015
03524 2016
03525 2016
03526 2017
03530 2018
03531 2016
03535 2017
03541 2017
03542 2016
03546 2018
03547 2015
03549 2016
03557 2018
03559 2017
03566 2016
03567 2016
03569 2015
03579 2017
03581 2017
03584 2015
03592 2015
03595 2018
03599 2015
03600 2017
03610 2015
03614 2016
03615 2017
03617 2015
03621 2016
03621 2018
03623 2015
03623 2017
03625 2018
03626 2015
03626 2017
03628 2015
03629 2017
03635 2018
03637 2015
03637 2016
03639 2015
03651 2015
03651 2017
03652 2016
03652 2017
03652 2018
03655 2018
03658 2015
03664 2018
03666 2015
03666 2016
03666 2017
03668 2018
03669 2017
03672 2017
03680 2016
03681 2015
03682 2017
03683 2017
03685 2015
03689 2018
03692 2018
03693 2017
03700 2015
03707 2015
03707 2016
03710 2016
03714 2015
03715 2018
03721 2018
03730 2017
03730 2018
03734 2015
03734 2017
03736 2015
03736 2016
03738 2016
03739 2016
03746 2016
03747 2015
03751 2016
03751 2018
03754 2016
03757 2017
03758 2018
03759 2017
03764 2018
03770 2015
03770 2016
03770 2017
03770 2018
03772 2016
03774 2017
03788 2015
03789 2015
03792 2015
03797 2016
03797 2017
03797 2018
03802 2017
03803 2017
03816 2016
03816 2017
03819 2016
03820 2017
03831 2015
03834 2017
03834 2018
03841 2018
03842 2016
03844 2016
03845 2015
03846 2016
03855 2016
03860 2015
03860 2018
03862 2015
03862 2016
03864 2017
03868 2016
03870 2016
03870 2018
03886 2018
03887 2016
03892 2018
03893 2015
03893 2016
03895 2015
03905 2015
03906 2016
03906 2018
03913 2015
03914 2015
03921 2015
03922 2015
03922 2018
03923 2015
03923 2018
03929 2017
03936 2016
03936 2017
03940 2018
03950 2015
03952 2017
03953 2015
03953 2018
03955 2017
03958 2018
03959 2016
03960 2018
03968 2015
03979 2018
03980 2015
03985 2015
03985 2017
03990 2018
03992 2015
03992 2017
03995 2015
03999 2018
04002 2017
04003 2015
04004 2017
04010 2017
04013 2016
04019 2017
04021 2017
04021 2018
04022 2016
04024 2018
04027 2015
04027 2018
04028 2018
04031 2017
04031 2018
04038 2018
04043 2016
04045 2015
04045 2017
04066 2015
04066 2016
04066 2017
04066 2018
04072 2015
04072 2017
04077 2015
04081 2017
04084 2015
04084 2016
04084 2018
04094 2015
04097 2017
04100 2015
04101 2015
04101 2018
04102 2018
04107 2015
04109 2018
04110 2015
04113 2015
04117 2018
04118 2018
04122 2017
04134 2017
04139 2017
04139 2018
04140 2016
04145 2016
04149 2016
04150 2015
04151 2018
04157 2017
04161 2016
04161 2018
04162 2016
04162 2018
04163 2018
04171 2018
04173 2016
04183 2015
04185 2017
04187 2017
04196 2015
04196 2016
04196 2017
04196 2018
04202 2016
04203 2015
04210 2018
04216 2015
04223 2016
04223 2017
04223 2018
04231 2016
04233 2015
04233 2016
04236 2015
04236 2016
04236 2017
04240 2016
04243 2016
04256 2015
04258 2017
04259 2016
04259 2018
04261 2015
04263 2017
04264 2016
04265 2015
04265 2017
04265 2018
04266 2017
04272 2016
04276 2018
04283 2016
04284 2017
04286 2017
04296 2017
04304 2018
04305 2015
04306 2018
04312 2016
04312 2017
04313 2016
04315 2015
04318 2015
04318 2016
04319 2015
04319 2016
04319 2018
04324 2015
04324 2017
04336 2015
04338 2016
04338 2018
04340 2015
04345 2016
04345 2017
04345 2018
04346 2017
04349 2015
04352 2016
04353 2017
04359 2015
04362 2017
04364 2018
04371 2016
04372 2017
04372 2018
04373 2018
04384 2017
04397 2016
04401 2016
04402 2017
04402 2018
04403 2016
04404 2016
04418 2018
04424 2015
04427 2016
04428 2017
04429 2017
04431 2017
04433 2017
04437 2017
04438 2018
04439 2015
04439 2016
04449 2015
04449 2017
04455 2016
04471 2015
04477 2018
04480 2017
04481 2015
04482 2016
04484 2017
04489 2017
04493 2015
04497 2015
04497 2017
04499 2017
04499 2018
04501 2015
04501 2017
04508 2015
04509 2016
04511 2016
04512 2018
04513 2017
04519 2016
04527 2018
04529 2017
04532 2017
04535 2017
04537 2017
04537 2018
04538 2017
04546 2017
04546 2018
04547 2018
04558 2016
04564 2018
04574 2016
04575 2018
04576 2016
04576 2017
04576 2018
04578 2015
04578 2016
04578 2017
04578 2018
04585 2015
04588 2015
04590 2016
04590 2017
04593 2016
04593 2018
04599 2018
04603 2016
04609 2015
04615 2018
04617 2015
04621 2016
04624 2016
04627 2015
04636 2016
04636 2018
04637 2017
04637 2018
04639 2015
04645 2015
04650 2015
04654 2016
04662 2018
04663 2016
04663 2018
04671 2015
04673 2016
04677 2015
04677 2017
04679 2016
04679 2017
04679 2018
04685 2017
04693 2017
04693 2018
04696 2017
04718 2017
04730 2017
04733 2015
04733 2016
04736 2018
04741 2015
04741 2017
04743 2018
04744 2018
04747 2017
04747 2018
04748 2018
04749 2016
04749 2017
04753 2017
04753 2018
04758 2018
04764 2018
04772 2017
04775 2017
04775 2018
04776 2015
04777 2016
04779 2015
04784 2018
04785 2018
04788 2017
04793 2016
04795 2015
04797 2015
04798 2018
04799 2015
04807 2015
04809 2015
04809 2016
04810 2018
04811 2016
04811 2017
04811 2018
04812 2016
04814 2015
04814 2017
04818 2017
04822 2016
04839 2016
04842 2017
04849 2017
04851 2015
04854 2016
04865 2018
04872 2018
04879 2015
04883 2015
04888 2017
04893 2018
04894 2015
04895 2018
04898 2017
04904 2015
04907 2017
04913 2015
04918 2016
04918 2017
04922 2017
04927 2016
04927 2017
04928 2016
04932 2017
04934 2017
04937 2016
04937 2018
04941 2016
04941 2018
04948 2015
04948 2016
04949 2015
04955 2018
04958 2017
04965 2016
04970 2016
04976 2017
04981 2016
04985 2018
04988 2017
04988 2018
04991 2016
04991 2018
04992 2017
05007 2015
05009 2015
05009 2017
05009 2018
05015 2018
05017 2018
05018 2018
05033 2017
05039 2015
05047 2015
05049 2017
05049 2018
05055 2016
05058 2018
05067 2017
05074 2018
05084 2015
05087 2017
05088 2015
05092 2018
05096 2016
05107 2018
05111 2017
05116 2016
05116 2017
05119 2015
05120 2018
05123 2017
05124 2016
05124 2017
05135 2017
05140 2018
05147 2018
05148 2016
05153 2016
05153 2018
05157 2015
05157 2017
05160 2015
05164 2018
05168 2016
05171 2015
05171 2017
05178 2016
05178 2017
05181 2015
05182 2016
05184 2016
05184 2017
05187 2018
05201 2017
05202 2017
05204 2018
05208 2015
05213 2015
05213 2016
05218 2015
05218 2016
05245 2016
05258 2017
05258 2018
05263 2017
05266 2016
05273 2017
05275 2016
05287 2015
05291 2016
05300 2016
05301 2015
05301 2018
05329 2015
05329 2016
05329 2017
05329 2018
05336 2017
05338 2017
05338 2018
05340 2015
05346 2017
05347 2016
05350 2018
05351 2016
05352 2015
05355 2016
05360 2016
05367 2015
05367 2017
05371 2016
05371 2017
05372 2016
05372 2017
05380 2015
05381 2016
05392 2015
05393 2015
05393 2017
05399 2015
05399 2016
05399 2018
05405 2016
05405 2018
05407 2015
05415 2017
05423 2017
05429 2015
05431 2015
05431 2017
05431 2018
05441 2016
05441 2017
05441 2018
05443 2017
05445 2017
05446 2018
05448 2016
05450 2015
05461 2018
05469 2015
05469 2017
05472 2016
05472 2018
05478 2017
05488 2016
05489 2015
05493 2016
05493 2017
05501 2016
05501 2017
05507 2015
05507 2017
05511 2015
05511 2017
05513 2015
05519 2018
05526 2015
05526 2016
05540 2018
05542 2016
05542 2018
05546 2016
05549 2018
05550 2018
05551 2018
05552 2016
05556 2018
05563 2015
05565 2015
05567 2016
05570 2015
05571 2015
05578 2015
05587 2017
05587 2018
05593 2016
05594 2018
05604 2017
05608 2018
05625 2015
05626 2017
05626 2018
05628 2015
05628 2017
05629 2016
05632 2016
05644 2016
05644 2018
05647 2016
05647 2017
05651 2017
05656 2017
05656 2018
05673 2017
05689 2016
05690 2015
05696 2015
05704 2016
05709 2018
05711 2017
05713 2018
05724 2015
05732 2016
05737 2015
05737 2017
05737 2018
05738 2015
05744 2018
05747 2018
05748 2015
05749 2017
05749 2018
05750 2016
05755 2015
05765 2015
05768 2018
05769 2016
05769 2017
05771 2016
05771 2017
05779 2017
05780 2015
05783 2016
05787 2018
05788 2018
05796 2017
05798 2017
05800 2017
05800 2018
05805 2016
05805 2018
05808 2015
05809 2016
05810 2017
05813 2016
05815 2015
05824 2016
05824 2017
05824 2018
05827 2016
05827 2018
05842 2018
05852 2015
05852 2018
05862 2017
05863 2016
05871 2015
05872 2016
05873 2015
05879 2015
05880 2015
05882 2018
05890 2017
05895 2015
05895 2018
05896 2016
05898 2018
05899 2017
05900 2016
05909 2015
05914 2017
05914 2018
05923 2015
05924 2018
05930 2015
05930 2018
05932 2018
05940 2015
05944 2015
05947 2018
05948 2016
05948 2017
05954 2015
05957 2018
05962 2018
05968 2015
05968 2017
05968 2018
05970 2018
05972 2018
05974 2015
05977 2015
05977 2016
05979 2016
05983 2015
05983 2018
05984 2016
05984 2018
05991 2016
06007 2015
06012 2017
06013 2018
06016 2016
06019 2015
06025 2017
06033 2017
06040 2018
06042 2015
06051 2018
06058 2015
06060 2018
06061 2015
06071 2017
06072 2015
06077 2017
06078 2016
06085 2017
06087 2015
06087 2016
06088 2018
06092 2015
06092 2017
06092 2018
06094 2016
06096 2017
06101 2015
06109 2018
06114 2017
06115 2015
06115 2017
06116 2017
06123 2016
06125 2015
06133 2016
06133 2018
06140 2017
06141 2016
06148 2015
06157 2015
06163 2016
06165 2015
06169 2015
06169 2017
06169 2018
06170 2015
06174 2015
06176 2015
06176 2018
06177 2017
06178 2015
06179 2018
06186 2015
06186 2016
06192 2015
06197 2015
06197 2016
06197 2017
06198 2015
06198 2018
06200 2017
06212 2015
06213 2018
06218 2015
06220 2017
06222 2018
06223 2015
06228 2018
06232 2017
06233 2016
06242 2017
06243 2018
06244 2017
06244 2018
06251 2015
06251 2016
06252 2015
06252 2016
06253 2015
06256 2015
06256 2017
06258 2018
06260 2016
06261 2015
06265 2016
06265 2018
06269 2015
06269 2016
06273 2015
06281 2016
06285 2017
06305 2016
06310 2015
06315 2015
06320 2015
06324 2016
06325 2015
06327 2015
06338 2016
06338 2017
06338 2018
06343 2015
06346 2018
06352 2015
06353 2015
06357 2015
06357 2018
06359 2015
06359 2016
06368 2018
06370 2017
06370 2018
06373 2017
06373 2018
06378 2015
06378 2017
06382 2015
06383 2015
06387 2018
06393 2016
06404 2015
06409 2016
06409 2018
06415 2015
06416 2015
06416 2017
06416 2018
06417 2015
06417 2016
06417 2017
06418 2015
06421 2017
06421 2018
06423 2015
06423 2016
06423 2017
06423 2018
06427 2017
06429 2017
06430 2016
06433 2018
06436 2017
06436 2018
06437 2015
06449 2016
06449 2018
06451 2018
06459 2017
06465 2016
06491 2016
06491 2017
06491 2018
06500 2015
06500 2017
06501 2015
06510 2018
06513 2015
06513 2016
06513 2018
06514 2015
06515 2016
06515 2018
06525 2015
06525 2017
06529 2015
06529 2016
06529 2017
06535 2016
06543 2016
06547 2015
06558 2015
06559 2017
06567 2016
06569 2015
06574 2015
06574 2018
06578 2017
06582 2016
06584 2017
06596 2015
06597 2015
06600 2017
06606 2015
06609 2015
06624 2015
06645 2016
06645 2017
06645 2018
06651 2015
06651 2018
06653 2016
06655 2015
06656 2015
06659 2017
06659 2018
06661 2016
06665 2015
06669 2016
06669 2018
06671 2017
06674 2016
06682 2015
06682 2017
06683 2015
06683 2018
06684 2015
06688 2015
06695 2015
06695 2016
06696 2017
06698 2018
06700 2018
06701 2015
06703 2015
06705 2015
06706 2016
06713 2015
06713 2017
06714 2017
06715 2017
06719 2017
06725 2017
06734 2016
06737 2015
06740 2016
06742 2015
06742 2016
06742 2018
06745 2017
06750 2016
06751 2016
06751 2018
06755 2015
06756 2017
06760 2016
06768 2016
06768 2017
06773 2015
06774 2016
06777 2015
06777 2017
06779 2016
06779 2018
06782 2018
06786 2015
06788 2015
06797 2016
06809 2016
06810 2016
06811 2017
06811 2018
06815 2016
06815 2017
06821 2018
06825 2017
06827 2015
06827 2016
06836 2016
06837 2017
06841 2015
06841 2018
06854 2016
06857 2016
06858 2016
06858 2017
06862 2015
06862 2016
06874 2016
06874 2017
06876 2018
06885 2018
06891 2016
06891 2017
06891 2018
06907 2016
06912 2015
06912 2016
06916 2015
06920 2016
06920 2018
06922 2015
06923 2017
06925 2018
06929 2015
06929 2016
06930 2017
06932 2016
06934 2018
06937 2015
06947 2015
06947 2016
06948 2016
06949 2016
06955 2018
06960 2017
06967 2018
06974 2016
06974 2018
06978 2017
06978 2018
06981 2018
06985 2016
06992 2015
06994 2015
06994 2018
07005 2018
07011 2018
07015 2016
07018 2015
07025 2015
07027 2015
07028 2018
07031 2015
07041 2015
07052 2016
07054 2015
07055 2017
07058 2015
07058 2016
07059 2015
07060 2016
07061 2015
07062 2017
07062 2018
07069 2017
07069 2018
07071 2015
07071 2018
07076 2016
07079 2015
07082 2015
07086 2018
07087 2016
07087 2017
07092 2017
07093 2017
07095 2015
07100 2017
07100 2018
07108 2016
07108 2018
07112 2017
07129 2016
07130 2015
07131 2015
07131 2018
07133 2018
07140 2018
07144 2015
07145 2017
07146 2018
07149 2018
07150 2016
07151 2015
07152 2018
07153 2015
07153 2017
07154 2017
07156 2017
07160 2015
07160 2016
07164 2015
07164 2016
07164 2017
07169 2018
07170 2015
07173 2016
07174 2016
07179 2015
07182 2017
07183 2018
07197 2015
07200 2015
07200 2017
07201 2016
07214 2015
07217 2018
07221 2017
07223 2015
07223 2016
07223 2017
07225 2015
07225 2018
07237 2016
07240 2018
07244 2018
07263 2015
07265 2015
07270 2017
07273 2016
07273 2018
07275 2017
07277 2015
07285 2016
07287 2016
07288 2015
07294 2015
07303 2016
07303 2018
07304 2015
07316 2015
07317 2017
07318 2016
07322 2015
07327 2016
07334 2018
07340 2018
07341 2015
07347 2016
07353 2018
07355 2018
07359 2015
07359 2017
07360 2016
07360 2018
07364 2016
07364 2018
07377 2016
07381 2015
07381 2016
07400 2016
07400 2018
07416 2016
07416 2018
07417 2015
07419 2017
07422 2015
07422 2018
07423 2015
07428 2015
07429 2018
07430 2018
07431 2016
07431 2018
07434 2015
07437 2015
07437 2016
07441 2018
07447 2016
07448 2017
07450 2015
07450 2016
07450 2017
07453 2018
07460 2017
07461 2017
07462 2016
07462 2017
07473 2016
07474 2015
07476 2017
07480 2015
07482 2015
07482 2017
07488 2018
07498 2017
07500 2016
07510 2017
07512 2017
07514 2015
07516 2016
07523 2018
07525 2015
07527 2016
07528 2018
07540 2015
07540 2017
07542 2015
07546 2015
07547 2016
07548 2015
07548 2017
07552 2015
07552 2017
07556 2018
07565 2016
07565 2017
07565 2018
07566 2018
07571 2016
07573 2016
07576 2016
07579 2016
07582 2016
07583 2015
07583 2017
07583 2018
07585 2016
07585 2018
07586 2018
07587 2016
07587 2018
07588 2017
07593 2017
07598 2018
07602 2016
07607 2018
07610 2015
07611 2016
07616 2015
07616 2016
07621 2017
07622 2018
07626 2017
07628 2018
07635 2017
07640 2015
07640 2016
07645 2017
07652 2016
07653 2016
07656 2016
07659 2016
07662 2016
07664 2016
07667 2016
07668 2017
07670 2015
07672 2018
07674 2016
07679 2016
07683 2016
07685 2018
07686 2016
07688 2015
07693 2016
07693 2018
07703 2016
07706 2017
07710 2016
07713 2017
07724 2016
07732 2017
07733 2017
07735 2017
07736 2015
07736 2018
07737 2015
07739 2017
07742 2015
07744 2017
07747 2015
07749 2016
07751 2017
07752 2015
07752 2017
07754 2017
07758 2017
07764 2017
07766 2016
07768 2015
07769 2017
07775 2015
07778 2016
07778 2017
07778 2018
07779 2017
07782 2018
07785 2016
07786 2015
07788 2017
07793 2017
07793 2018
07798 2015
07802 2017
07802 2018
07805 2018
07824 2016
07840 2015
07840 2018
07848 2015
07850 2016
07854 2018
07858 2016
07859 2015
07865 2015
07867 2016
07871 2017
07879 2016
07879 2017
07879 2018
07885 2017
07886 2015
07894 2015
07894 2016
07900 2016
07904 2016
07905 2016
07905 2018
07907 2017
07907 2018
07920 2016
07922 2018
07924 2018
07925 2016
07925 2017
07928 2016
07934 2016
07940 2017
07945 2015
07960 2018
07961 2016
07963 2015
07963 2016
07965 2016
07965 2018
07966 2015
07967 2017
07971 2016
07971 2017
07977 2017
07978 2017
07978 2018
07983 2017
07983 2018
07995 2017
07998 2016
07998 2017
08001 2015
08005 2016
08006 2015
08007 2015
08008 2018
08010 2018
08016 2018
08022 2018
08026 2018
08030 2015
08032 2015
08032 2016
08033 2015
08033 2017
08036 2015
08036 2016
08036 2017
08036 2018
08039 2018
08055 2015
08058 2016
08061 2016
08065 2018
08066 2016
08066 2017
08066 2018
08076 2015
08079 2015
08084 2016
08084 2018
08088 2018
08091 2017
08106 2018
08108 2015
08110 2017
08113 2015
08113 2016
08114 2016
08114 2018
08119 2015
08124 2018
08135 2015
08135 2016
08135 2017
08136 2015
08139 2016
08139 2017
08140 2015
08144 2016
08144 2018
08153 2015
08154 2016
08156 2015
08159 2018
08160 2016
08161 2016
08164 2017
08172 2018
08178 2015
08178 2016
08179 2015
08182 2018
08187 2017
08200 2018
08211 2018
08222 2018
08226 2016
08226 2017
08230 2017
08236 2015
08245 2016
08245 2018
08246 2017
08251 2015
08252 2016
08254 2016
08254 2018
08262 2015
08264 2018
08270 2018
08273 2015
08273 2017
08282 2016
08282 2017
08292 2016
08294 2018
08303 2016
08303 2017
08304 2015
08307 2016
08314 2016
08315 2018
08322 2015
08322 2016
08322 2017
08323 2016
08323 2017
08326 2016
08327 2016
08327 2017
08327 2018
08335 2018
08337 2015
08337 2016
08339 2015
08341 2016
08341 2018
08342 2016
08342 2017
08348 2016
08348 2018
08349 2015
08349 2018
08351 2015
08351 2016
08351 2018
08352 2015
08355 2016
08355 2018
08359 2015
08359 2016
08359 2017
08359 2018
08361 2016
08379 2017
08380 2016
08381 2017
08381 2018
08395 2016
08396 2018
08397 2018
08399 2016
08404 2016
08404 2018
08405 2015
08405 2018
08408 2018
08420 2018
08426 2018
08428 2017
08433 2016
08439 2015
08444 2017
08444 2018
08449 2015
08451 2015
08461 2015
08461 2016
08469 2015
08472 2016
08473 2015
08479 2018
08481 2015
08481 2016
08481 2018
08485 2017
08485 2018
08487 2018
08489 2016
08499 2016
08509 2017
08509 2018
08511 2017
08513 2018
08523 2015
08526 2015
08527 2016
08528 2015
08533 2018
08541 2015
08554 2015
08554 2016
08554 2017
08555 2017
08559 2017
08559 2018
08563 2017
08564 2017
08589 2017
08594 2015
08595 2016
08596 2018
08599 2015
08599 2018
08611 2018
08622 2017
08624 2017
08627 2018
08628 2015
08632 2017
08638 2018
08645 2018
08647 2016
08649 2015
08652 2018
08653 2015
08653 2016
08656 2017
08657 2016
08659 2015
08659 2018
08671 2015
08671 2018
08684 2017
08684 2018
08685 2017
08685 2018
08686 2016
08686 2018
08692 2015
08695 2015
08698 2015
08701 2016
08705 2017
08707 2018
08718 2015
08720 2018
08721 2016
08723 2015
08723 2016
08724 2015
08730 2017
08734 2016
08736 2016
08736 2017
08737 2018
08748 2015
08750 2015
08751 2016
08754 2018
08755 2018
08757 2018
08758 2015
08759 2015
08760 2015
08760 2017
08760 2018
08771 2017
08774 2017
08777 2015
08779 2015
08779 2016
08780 2016
08784 2015
08787 2018
08790 2015
08792 2016
08796 2017
08799 2015
08803 2015
08806 2016
08810 2016
08810 2017
08812 2015
08815 2018
08822 2017
08825 2015
08825 2018
08826 2017
08826 2018
08828 2017
08829 2018
08836 2015
08841 2018
08850 2018
08853 2016
08853 2017
08853 2018
08859 2016
08859 2017
08860 2016
08862 2016
08862 2017
08862 2018
08868 2016
08868 2017
08872 2016
08872 2018
08877 2016
08883 2015
08886 2016
08887 2015
08888 2015
08899 2017
08899 2018
08901 2018
08904 2015
08904 2016
08904 2017
08906 2018
08909 2016
08909 2017
08910 2018
08911 2016
08913 2018
08917 2016
08921 2017
08924 2016
08924 2017
08924 2018
08937 2016
08937 2018
08942 2015
08947 2016
08947 2017
08948 2016
08948 2017
08951 2017
08952 2017
08953 2016
08954 2016
08955 2017
08957 2015
08957 2018
08958 2017
08958 2018
08962 2018
08965 2016
08965 2018
08966 2015
08966 2016
08970 2016
08977 2015
08977 2016
08979 2016
08980 2015
08985 2015
09011 2015
09014 2015
09014 2016
09016 2015
09017 2015
09017 2017
09019 2015
09030 2017
09034 2015
09035 2015
09041 2015
09045 2018
09050 2017
09056 2016
09058 2017
09062 2015
09064 2017
09066 2015
09083 2017
09085 2018
09089 2015
09089 2017
09093 2018
09094 2016
09094 2018
09116 2016
09117 2016
09118 2015
09118 2017
09119 2016
09123 2017
09126 2015
09126 2016
09135 2015
09137 2018
09144 2017
09145 2015
09157 2018
09161 2016
09162 2015
09167 2017
09179 2018
09184 2016
09190 2016
09190 2017
09197 2015
09207 2016
09209 2015
09211 2015
09217 2015
09217 2017
09223 2017
09228 2017
09229 2016
09229 2017
09230 2015
09233 2016
09245 2017
09246 2017
09252 2018
09254 2015
09258 2015
09258 2017
09260 2015
09268 2018
09270 2017
09274 2017
09278 2016
09283 2018
09290 2015
09291 2017
09301 2018
09305 2015
09306 2015
09306 2018
09307 2016
09309 2018
09310 2018
09311 2016
09316 2015
09316 2018
09318 2018
09326 2015
09327 2017
09327 2018
09328 2015
09329 2016
09329 2017
09329 2018
09331 2018
09337 2015
09341 2015
09343 2017
09344 2017
09345 2018
09351 2015
09355 2015
09355 2017
09355 2018
09360 2015
09379 2017
09388 2015
09391 2018
09395 2015
09412 2015
09414 2015
09415 2017
09418 2018
09426 2017
09426 2018
09427 2018
09431 2018
09448 2018
09453 2015
09453 2016
09461 2017
09463 2016
09467 2015
09470 2015
09470 2018
09474 2017
09474 2018
09477 2018
09478 2018
09489 2018
09496 2016
09497 2015
09501 2017
09504 2016
09504 2017
09504 2018
09507 2015
09527 2015
09533 2015
09533 2018
09539 2016
09542 2017
09543 2015
09548 2015
09558 2016
09558 2017
09559 2017
09561 2016
09561 2017
09564 2015
09564 2018
09569 2015
09569 2016
09572 2016
09572 2017
09572 2018
09574 2015
09574 2018
09575 2018
09580 2018
09581 2016
09582 2017
09586 2015
09586 2016
09590 2016
09595 2016
09602 2015
09605 2015
09612 2018
09614 2015
09616 2015
09623 2015
09625 2018
09631 2016
09635 2018
09660 2015
09660 2016
09660 2017
09662 2016
09670 2016
09672 2016
09674 2015
09678 2016
09680 2015
09685 2015
09685 2017
09686 2015
09686 2018
09688 2018
09692 2016
09698 2017
09700 2015
09707 2015
09710 2016
09715 2015
09716 2015
09723 2015
09723 2016
09727 2017
09728 2016
09735 2015
09735 2016
09736 2017
09741 2015
09747 2016
09748 2015
09748 2018
09752 2017
09752 2018
09756 2017
09763 2018
09768 2015
09774 2016
09781 2017
09784 2017
09785 2017
09790 2017
09791 2016
09796 2016
09797 2017
09798 2015
09798 2016
09798 2018
09799 2015
09799 2016
09801 2017
09801 2018
09803 2016
09806 2017
09816 2017
09822 2016
09822 2017
09824 2015
09830 2017
09835 2016
09837 2018
09840 2016
09842 2018
09843 2018
09846 2017
09847 2018
09849 2016
09851 2015
09851 2016
09853 2015
09854 2017
09858 2018
09859 2017
09864 2016
09866 2015
09869 2015
09869 2018
09870 2017
09873 2018
09874 2016
09877 2018
09879 2016
09881 2015
09881 2018
09882 2018
09883 2015
09891 2018
09898 2017
09900 2015
09907 2016
09910 2015
09910 2017
09910 2018
09911 2016
09914 2016
09920 2018
09921 2015
09922 2017
09924 2015
09928 2016
09933 2015
09934 2017
09939 2018
09940 2016
09940 2018
09942 2015
09943 2017
09945 2015
09945 2017
09952 2015
09960 2015
09962 2015
09970 2015
09972 2015
09973 2018
09990 2018
09991 2018
09993 2016
09994 2016
09994 2017
09997 2018
10005 2015
10006 2015
10008 2015
10012 2016
10015 2015
10018 2018
10019 2016
10020 2016
10031 2015
10041 2018
10048 2015
10051 2015
10052 2018
10057 2017
10060 2016
10061 2016
10062 2017
10062 2018
10064 2018
10066 2017
10068 2018
10073 2017
10075 2015
10077 2016
10078 2016
10078 2017
10080 2018
10081 2018
10083 2016
10083 2018
10086 2018
10088 2015
10090 2016
10092 2018
10093 2015
10101 2015
10101 2016
10102 2016
10104 2015
10106 2016
10107 2017
10111 2016
10116 2018
10118 2015
10125 2017
10129 2017
10143 2016
10143 2018
10155 2017
10161 2018
10164 2018
10165 2017
10167 2015
10168 2016
10172 2015
10172 2017
10172 2018
10176 2017
10176 2018
10180 2015
10182 2015
10183 2017
10190 2015
10190 2016
10199 2018
10200 2018
10202 2017
10206 2016
10206 2017
10211 2017
10217 2018
10231 2015
10232 2015
10237 2016
10244 2017
10247 2017
10258 2017
10272 2017
10272 2018
10276 2015
10278 2017
10278 2018
10311 2016
10311 2017
10311 2018
10315 2017
10317 2015
10322 2017
10325 2015
10332 2017
10341 2015
10345 2016
10345 2018
10352 2015
10352 2017
10352 2018
10365 2016
10365 2017
10368 2018
10369 2017
10370 2015
10372 2016
10386 2015
10386 2016
10394 2018
10397 2016
10397 2018
10406 2015
10411 2017
10413 2018
10418 2018
10422 2017
10424 2015
10424 2017
10429 2016
10429 2018
10432 2017
10432 2018
10437 2015
10437 2018
10441 2018
10443 2018
10444 2015
10444 2016
10445 2015
10445 2017
10446 2015
10447 2015
10455 2015
10456 2018
10458 2015
10461 2015
10462 2015
10462 2018
10468 2016
10468 2018
10470 2015
10479 2017
10482 2016
10485 2018
10492 2017
10493 2015
10493 2017
10493 2018
10494 2016
10495 2016
10495 2018
10496 2015
10506 2017
10510 2015
10510 2018
10514 2016
10514 2017
10516 2015
10523 2016
10527 2016
10534 2016
10534 2017
10538 2015
10543 2017
10546 2018
10547 2016
10547 2018
10549 2017
10553 2018
10554 2015
10555 2018
10559 2015
10572 2017
10582 2016
10582 2017
10592 2015
10592 2018
10594 2016
10596 2018
10602 2017
10603 2015
10603 2016
10616 2015
10618 2018
10627 2015
10629 2016
10631 2016
10645 2016
10651 2017
10652 2017
10652 2018
10655 2015
10658 2016
10658 2017
10662 2015
10662 2017
10666 2016
10670 2015
10670 2017
10670 2018
10672 2015
10678 2017
10678 2018
10692 2018
10698 2017
10699 2016
10705 2015
10705 2016
10705 2018
10706 2017
10709 2016
10713 2017
10718 2016
10719 2016
10724 2018
10731 2018
10734 2017
10735 2015
10735 2016
10736 2015
10736 2017
10737 2017
10746 2016
10746 2018
10749 2015
10757 2016
10757 2018
10759 2016
10760 2016
10762 2015
10762 2017
10763 2015
10780 2016
10780 2018
10786 2018
10788 2017
10792 2016
10792 2018
10801 2016
10801 2017
10801 2018
10805 2016
10812 2018
10813 2017
10813 2018
10817 2017
10822 2017
10830 2015
10843 2016
10843 2017
10844 2017
10848 2017
10851 2015
10851 2017
10860 2016
10866 2015
10883 2018
10887 2016
10888 2017
10893 2017
10898 2015
10900 2016
10901 2016
10902 2015
10902 2016
10902 2017
10906 2018
10909 2015
10923 2015
10923 2016
10923 2017
10932 2016
10936 2017
10938 2016
10943 2016
10957 2017
10958 2015
10958 2016
10961 2015
10961 2017
10970 2015
10970 2017
10970 2018
10981 2016
10982 2015
10984 2017
10987 2017
10988 2015
10988 2018
10991 2016
11003 2015
11003 2016
11012 2016
11017 2016
11017 2018
11021 2018
11022 2017
11028 2018
11032 2017
11040 2015
11040 2018
11046 2018
11047 2018
11053 2016
11056 2018
11067 2016
11069 2017
11070 2017
11075 2017
11078 2016
11079 2015
11079 2018
11086 2015
11086 2018
11095 2016
11103 2015
11106 2017
11111 2017
11114 2017
11115 2015
11126 2016
11126 2018
11127 2015
11128 2015
11128 2018
11131 2017
11137 2015
11137 2016
11143 2015
11148 2017
11150 2017
11151 2018
11152 2015
11152 2018
11155 2018
11161 2017
11168 2015
11179 2018
11180 2016
11188 2015
11188 2017
11190 2016
11204 2015
11214 2015
11215 2017
11220 2018
11228 2015
11229 2015
11229 2016
11232 2016
11239 2018
11261 2015
11261 2016
11261 2017
11264 2017
11269 2018
11278 2017
11296 2016
11297 2016
11297 2017
11299 2016
11301 2016
11305 2018
11309 2016
11309 2018
11310 2017
11316 2018
11318 2016
11318 2018
11320 2015
11329 2016
11330 2016
11336 2018
11338 2015
11363 2017
11365 2018
11367 2015
11372 2015
11372 2017
11372 2018
11375 2015
11375 2017
11375 2018
11377 2017
11378 2017
11382 2018
11388 2015
11388 2017
11390 2015
11390 2016
11390 2018
11407 2015
11408 2018
11412 2017
11413 2015
11416 2015
11418 2016
11418 2017
11421 2015
11427 2017
11428 2015
11428 2017
11437 2016
11440 2018
11442 2015
11450 2018
11454 2016
11455 2015
11466 2015
11466 2017
11467 2018
11468 2018
11473 2015
11473 2016
11473 2017
11474 2018
11477 2015
11500 2018
11507 2016
11510 2018
11511 2018
11516 2016
11516 2018
11531 2017
11536 2016
11540 2015
11557 2015
11563 2015
11563 2016
11563 2017
11563 2018
11564 2015
11565 2015
11565 2018
11571 2018
11574 2016
11575 2015
11575 2017
11589 2017
11594 2015
11594 2017
11597 2015
11597 2018
11599 2016
11607 2018
11611 2016
11613 2015
11613 2017
11614 2015
11626 2017
11632 2015
11632 2017
11636 2018
11637 2016
11639 2015
11639 2017
11643 2016
11643 2018
11647 2016
11649 2015
11649 2018
11651 2018
11653 2015
11653 2017
11656 2018
11658 2018
11662 2015
11669 2018
11670 2015
11671 2017
11671 2018
11673 2018
11676 2015
11676 2018
11677 2015
11677 2016
11686 2016
11687 2018
11689 2015
11696 2016
11704 2016
11705 2015
11715 2015
11718 2016
11719 2018
11727 2015
11728 2017
11732 2016
11734 2016
11737 2015
11742 2016
11744 2016
11757 2015
11763 2018
11770 2016
11778 2017
11781 2015
11783 2016
11783 2018
11785 2016
11785 2018
11789 2017
11789 2018
11792 2016
11803 2015
11803 2018
11814 2016
11814 2017
11814 2018
11823 2015
11826 2016
11826 2017
11831 2018
11850 2016
11856 2015
11858 2016
11859 2015
11863 2015
11872 2015
11872 2017
11872 2018
11876 2015
11876 2016
11876 2017
11876 2018
11880 2015
11889 2018
11892 2017
11893 2016
11896 2016
11898 2018
11905 2015
11911 2015
11912 2018
11913 2015
11915 2018
11923 2016
11924 2015
11925 2016
11925 2017
11925 2018
11928 2018
11932 2018
11934 2015
11939 2016
11942 2017
11943 2017
11947 2017
11948 2016
11948 2017
11950 2016
11954 2015
11964 2015
11975 2015
11975 2017
11980 2015
11980 2018
11982 2015
11987 2015
11990 2016
11995 2018
11999 2016
12001 2017
12001 2018
12010 2016
12012 2015
12024 2015
12025 2017
12028 2015
12028 2017
12030 2018
12031 2016
12038 2016
12044 2015
12044 2016
12048 2015
12048 2018
12057 2017
12060 2015
12060 2018
12075 2015
12081 2015
12081 2016
12084 2018
12085 2018
12087 2018
12089 2018
12090 2018
12092 2018
12095 2015
12096 2015
12096 2017
12099 2017
12101 2018
12102 2015
12102 2018
12106 2015
12106 2016
12110 2016
12111 2016
12111 2018
12112 2015
12112 2016
12112 2018
12113 2016
12115 2017
12116 2015
12116 2016
12116 2017
12116 2018
12117 2017
12119 2017
12127 2017
12135 2016
12137 2015
12140 2017
12147 2015
12156 2015
12156 2018
12165 2015
12165 2017
12169 2015
12184 2015
12185 2017
12189 2016
12202 2016
12202 2018
12211 2015
12217 2015
12217 2017
12219 2015
12222 2017
12222 2018
12233 2016
12240 2016
12245 2018
12253 2017
12263 2015
12263 2017
12267 2015
12270 2017
12270 2018
12281 2016
12292 2017
12297 2015
12297 2017
12300 2016
12301 2017
12301 2018
12314 2016
12314 2017
12315 2018
12322 2017
12326 2018
12330 2016
12333 2016
12333 2017
12336 2016
12337 2016
12351 2015
12353 2015
12360 2016
12363 2018
12369 2018
12371 2016
12374 2016
12377 2015
12380 2018
12389 2017
12391 2016
12391 2018
12393 2015
12397 2017
12399 2015
12403 2016
12405 2015
12405 2017
12405 2018
12407 2018
12410 2018
12411 2017
12415 2016
12419 2015
12422 2016
12430 2018
12436 2015
12438 2015
12438 2016
12449 2015
12456 2016
12457 2016
12459 2016
12459 2018
12460 2016
12464 2015
12466 2018
12469 2016
12473 2015
12478 2017
12484 2015
12484 2018
12491 2017
12491 2018
12492 2016
12496 2015
12500 2017
12501 2017
12508 2015
12508 2017
12510 2016
12518 2017
12521 2017
12524 2015
12534 2018
12538 2017
12543 2015
12546 2017
12547 2017
12553 2017
12555 2015
12557 2017
12557 2018
12564 2016
12565 2015
12566 2015
12568 2015
12570 2016
12582 2017
12588 2018
12598 2017
12599 2015
12599 2016
12603 2017
12603 2018
12607 2018
12611 2017
12622 2016
12625 2016
12629 2016
12629 2018
12630 2017
12634 2015
12639 2018
12647 2016
12647 2017
12649 2015
12649 2018
12653 2017
12660 2017
12663 2016
12668 2016
12671 2016
12673 2015
12686 2017
12688 2018
12702 2015
12704 2015
12704 2016
12716 2015
12721 2015
12722 2015
12729 2016
12737 2017
12740 2017
12742 2017
12747 2015
12748 2018
12750 2016
12750 2018
12757 2015
12758 2016
12758 2017
12762 2017
12766 2015
12766 2016
12770 2015
12770 2018
12771 2016
12780 2016
12780 2018
12787 2017
12792 2015
12797 2015
12804 2017
12816 2017
12822 2017
12829 2015
12829 2017
12831 2015
12832 2015
12832 2017
12835 2016
12835 2017
12835 2018
12840 2015
12840 2016
12845 2017
12846 2015
12847 2016
12854 2016
12854 2018
12869 2016
12869 2017
12873 2017
12878 2015
12879 2015
12880 2015
12880 2016
12880 2018
12885 2018
12886 2018
12887 2016
12893 2016
12893 2018
12898 2018
12904 2016
12913 2017
12915 2017
12916 2017
12926 2018
12930 2018
12938 2016
12944 2015
12944 2016
12944 2017
12944 2018
12945 2016
12946 2015
12949 2016
12949 2017
12950 2016
12956 2016
12963 2015
12964 2017
12964 2018
12965 2016
12966 2018
12970 2016
12970 2018
12979 2016
12979 2018
12981 2016
12981 2017
12983 2015
12983 2016
12985 2015
12986 2015
12986 2017
12996 2015
12996 2016
12996 2018
12998 2018
12999 2015
12999 2017
13004 2017
13006 2015
13016 2015
13018 2015
13020 2018
13028 2016
13035 2016
13035 2017
13040 2015
13042 2015
13042 2018
13046 2018
13048 2015
13051 2017
13054 2015
13054 2016
13054 2018
13055 2015
13055 2016
13060 2016
13060 2018
13062 2015
13064 2016
13068 2016
13068 2017
13068 2018
13071 2016
13074 2015
13074 2016
13075 2015
13075 2016
13075 2018
13080 2016
13082 2015
13082 2017
13083 2017
13084 2017
13084 2018
13085 2017
13095 2017
13116 2015
13123 2017
13126 2016
13127 2015
13127 2017
13127 2018
13129 2016
13132 2016
13133 2015
13133 2016
13138 2016
13140 2015
13140 2017
13144 2016
13146 2017
13149 2016
13165 2016
13166 2016
13167 2015
13171 2016
13174 2015
13174 2017
13174 2018
13176 2015
13176 2016
13177 2016
13177 2018
13185 2015
13198 2016
13200 2018
13208 2018
13209 2017
13210 2016
13211 2015
13212 2016
13212 2017
13213 2017
13213 2018
13230 2018
13234 2016
13245 2016
13245 2018
13250 2017
13263 2015
13264 2017
13278 2018
13283 2015
13290 2018
13298 2018
13299 2018
13315 2017
13325 2017
13327 2016
13328 2015
13332 2016
13335 2015
13336 2015
13344 2016
13344 2018
13347 2015
13347 2016
13347 2018
13350 2017
13351 2015
13352 2015
13354 2016
13365 2016
13367 2016
13371 2016
13371 2017
13377 2016
13380 2017
13381 2015
13383 2018
13387 2017
13394 2016
13399 2017
13399 2018
13402 2015
13403 2018
13409 2016
13413 2018
13415 2018
13417 2015
13421 2015
13421 2017
13424 2017
13430 2018
13434 2015
13435 2018
13439 2015
13439 2016
13441 2015
13441 2017
13443 2015
13449 2017
13453 2018
13457 2017
13457 2018
13460 2017
13461 2016
13461 2017
13470 2015
13470 2017
13471 2015
13471 2017
13472 2015
13473 2016
13473 2017
13474 2015
13482 2016
13488 2017
13489 2017
13490 2018
13493 2017
13495 2018
13496 2017
13500 2016
13501 2018
13512 2015
13513 2017
13515 2018
13520 2018
13530 2016
13538 2017
13538 2018
13550 2015
13553 2018
13558 2016
13560 2017
13562 2016
13567 2015
13569 2015
13570 2018
13575 2017
13577 2018
13580 2016
13583 2017
13585 2015
13585 2016
13586 2016
13596 2016
13601 2017
13607 2015
13608 2017
13614 2016
13615 2018
13616 2015
13622 2018
13631 2016
13631 2017
13632 2017
13643 2017
13648 2015
13648 2017
13663 2017
13670 2015
13674 2015
13677 2016
13678 2017
13687 2017
13689 2015
13697 2018
13698 2015
13704 2015
13707 2017
13718 2015
13721 2017
13722 2017
13733 2018
13735 2017
13763 2018
13766 2015
13766 2016
13766 2018
13768 2017
13772 2017
13779 2015
13779 2016
13784 2018
13785 2018
13795 2015
13796 2017
13798 2017
13798 2018
13809 2016
13810 2015
13812 2018
13815 2016
13829 2017
13834 2015
13840 2018
13842 2015
13842 2017
13847 2015
13852 2016
13856 2016
13859 2017
13861 2017
13863 2016
13863 2018
13871 2016
13874 2016
13875 2017
13875 2018
13879 2016
13879 2017
13888 2016
13888 2018
13891 2018
13892 2015
13892 2016
13894 2018
13900 2018
13901 2018
13906 2015
13911 2015
13911 2018
13919 2015
13919 2018
13923 2016
13923 2017
13923 2018
13930 2015
13931 2015
13931 2018
13941 2015
13942 2016
13943 2015
13946 2018
13955 2015
13955 2017
13955 2018
13958 2015
13958 2017
13958 2018
13960 2018
13973 2017
13975 2017
13986 2018
13994 2015
13995 2015
14007 2015
14010 2017
14012 2015
14012 2016
14012 2017
14015 2018
14016 2015
14017 2017
14017 2018
14020 2015
14020 2017
14022 2017
14022 2018
14023 2017
14030 2017
14033 2017
14034 2015
14039 2016
14039 2018
14053 2016
14055 2018
14057 2016
14067 2015
14068 2015
14069 2015
14069 2016
14072 2016
14076 2017
14094 2018
14099 2018
14104 2017
14118 2017
14130 2015
14130 2018
14134 2015
14136 2015
14136 2017
14141 2017
14143 2016
14147 2016
14156 2016
14157 2016
14176 2017
14187 2015
14199 2016
14202 2016
14208 2016
14220 2018
14222 2018
14225 2018
14228 2018
14231 2015
14234 2018
14238 2018
14240 2017
14247 2015
14247 2016
14248 2016
14251 2016
14256 2017
14256 2018
14257 2017
14260 2016
14260 2017
14260 2018
14261 2018
14264 2015
14264 2016
14276 2015
14279 2016
14282 2017
14289 2018
14292 2017
14293 2016
14296 2016
14302 2018
14303 2018
14305 2018
14306 2015
14306 2016
14309 2016
14311 2015
14311 2016
14313 2018
14321 2017
14322 2017
14325 2015
14325 2018
14326 2017
14327 2016
14345 2015
14348 2017
14349 2018
14350 2018
14351 2017
14356 2016
14357 2015
14358 2015
14358 2016
14361 2016
14361 2017
14363 2015
14363 2016
14363 2017
14363 2018
14368 2016
14370 2018
14374 2017
14375 2018
14376 2017
14380 2017
14380 2018
14381 2016
14381 2018
14384 2016
14387 2017
14388 2017
14388 2018
14394 2017
14395 2017
14397 2016
14403 2018
14405 2018
14415 2018
14421 2016
14422 2016
14428 2017
14429 2016
14439 2018
14440 2016
14440 2017
14440 2018
14441 2016
14444 2015
14446 2015
14446 2016
14450 2015
14450 2016
14450 2018
14454 2016
14454 2017
14460 2015
14460 2017
14462 2015
14462 2017
14463 2018
14467 2018
14469 2015
14470 2015
14472 2015
14474 2016
14476 2015
14481 2016
14482 2015
14487 2017
14492 2015
14497 2016
14499 2016
14504 2017
14505 2016
14507 2015
14509 2015
14509 2016
14514 2017
14516 2015
14516 2018
14517 2015
14517 2017
14517 2018
14518 2015
14518 2017
14521 2017
14526 2015
14530 2018
14533 2018
14534 2017
14539 2017
14562 2015
14563 2018
14567 2018
14572 2017
14572 2018
14573 2016
14574 2016
14574 2017
14576 2015
14579 2017
14579 2018
14581 2015
14581 2016
14581 2018
14583 2016
14586 2017
14592 2018
14593 2017
14594 2016
14599 2018
14606 2017
14608 2018
14616 2016
14617 2018
14618 2017
14621 2018
14622 2017
14626 2015
14626 2016
14627 2015
14643 2016
14648 2017
14653 2015
14656 2018
14665 2015
14665 2016
14671 2018
14672 2018
14675 2015
14675 2016
14675 2018
14679 2016
14682 2017
14686 2016
14686 2017
14689 2015
14691 2016
14692 2015
14693 2015
14696 2017
14699 2016
14700 2018
14711 2015
14711 2017
14712 2017
14712 2018
14714 2018
14723 2018
14724 2017
14724 2018
14728 2015
14731 2017
14736 2018
14737 2018
14738 2015
14740 2018
14743 2016
14755 2016
14756 2015
14756 2016
14759 2018
14761 2017
14764 2015
14768 2016
14772 2015
14773 2018
14774 2017
14784 2017
14785 2015
14785 2016
14787 2016
14794 2016
14800 2017
14815 2018
14826 2015
14830 2016
14833 2015
14849 2017
14855 2018
14857 2018
14859 2015
14864 2016
14865 2018
14866 2016
14871 2016
14872 2016
14874 2017
14876 2015
14876 2017
14878 2016
14878 2017
14878 2018
14883 2016
14886 2016
14889 2018
14902 2018
14904 2018
14907 2015
14907 2018
14911 2015
14915 2015
14917 2016
14918 2015
14920 2017
14925 2015
14925 2017
14932 2017
14935 2018
14937 2016
14939 2016
14940 2017
14941 2016
14942 2017
14942 2018
14952 2016
14952 2017
14954 2018
14970 2015
14970 2016
14973 2016
14974 2017
14976 2018
14980 2016
14981 2016
14987 2017
14991 2015
14995 2016
14997 2017
14999 2018
15001 2017
15005 2015
15029 2016
15029 2017
15031 2016
15036 2017
15044 2015
15045 2018
15054 2015
15054 2017
15056 2015
15057 2017
15062 2016
15066 2015
15069 2017
15083 2018
15090 2016
15090 2018
15091 2018
15092 2015
15092 2017
15092 2018
15095 2015
15099 2016
15116 2015
15122 2015
15123 2015
15123 2017
15134 2016
15134 2017
15134 2018
15136 2018
15140 2016
15140 2017
15140 2018
15144 2015
15151 2018
15154 2016
15170 2015
15170 2016
15170 2018
15173 2016
15173 2017
15174 2017
15175 2017
15195 2017
15195 2018
15197 2017
15198 2015
15200 2016
15202 2017
15214 2017
15227 2015
15227 2017
15234 2015
15234 2016
15234 2018
15245 2015
15248 2018
15256 2018
15259 2016
15263 2017
15266 2016
15273 2017
15277 2015
15280 2015
15295 2015
15301 2015
15301 2018
15311 2016
15318 2016
15324 2017
15337 2016
15344 2016
15345 2018
15347 2016
15359 2015
15367 2018
15370 2015
15381 2016
15381 2017
15382 2015
15383 2018
15385 2016
15385 2017
15398 2015
15407 2015
15407 2018
15414 2018
15415 2017
15417 2015
15421 2016
15421 2017
15428 2015
15430 2016
15436 2017
15439 2017
15441 2015
15441 2018
15444 2015
15450 2015
15450 2016
15452 2017
15459 2015
15459 2018
15463 2018
15464 2018
15468 2017
15470 2017
15472 2015
15472 2018
15474 2015
15477 2017
15477 2018
15480 2015
15480 2016
15487 2016
15491 2018
15497 2017
15499 2016
15500 2017
15503 2017
15504 2018
15506 2018
15513 2016
15519 2015
15519 2018
15520 2016
15521 2015
15521 2018
15530 2017
15534 2016
15536 2015
15540 2015
15540 2016
15546 2015
15550 2015
15551 2015
15553 2015
15555 2016
15558 2017
15558 2018
15562 2017
15563 2015
15571 2016
15571 2018
15572 2016
15572 2018
15573 2016
15576 2017
15578 2015
15578 2016
15578 2018
15580 2018
15584 2016
15584 2018
15588 2016
15588 2018
15589 2015
15589 2016
15590 2016
15595 2017
15599 2017
15600 2017
15602 2015
15603 2018
15607 2016
15608 2018
15625 2017
15632 2016
15632 2018
15635 2015
15636 2015
15636 2016
15637 2016
15654 2015
15654 2016
15662 2015
15662 2016
15663 2017
15666 2017
15667 2015
15667 2016
15668 2017
15678 2016
15696 2015
15696 2017
15700 2015
15708 2018
15719 2016
15720 2016
15725 2018
15727 2015
15728 2016
15728 2018
15729 2018
15731 2016
15735 2015
15737 2015
15739 2017
15744 2015
15745 2017
15763 2015
15763 2016
15777 2015
15777 2017
15780 2015
15786 2016
15792 2015
15799 2016
15805 2016
15808 2018
15809 2017
15812 2018
15814 2015
15815 2015
15820 2017
15834 2016
15836 2017
15837 2018
15842 2018
15845 2016
15846 2018
15847 2017
15847 2018
15858 2016
15877 2018
15879 2016
15879 2017
15880 2018
15881 2016
15883 2015
15884 2015
15889 2016
15890 2016
15896 2018
15897 2015
15898 2015
15903 2018
15904 2018
15909 2016
15919 2016
15923 2015
15931 2018
15932 2015
15934 2017
15935 2015
15935 2017
15939 2018
15942 2016
15945 2018
15950 2017
15953 2017
15957 2017
15958 2017
15964 2017
15966 2016
15969 2015
15971 2018
15972 2015
15978 2017
15978 2018
15981 2015
15994 2015
15994 2017
15995 2016
15996 2017
16003 2017
16008 2016
16011 2015
16011 2016
16011 2017
16014 2017
16016 2015
16027 2017
16031 2018
16032 2018
16037 2016
16037 2017
16042 2016
16044 2016
16047 2015
16053 2015
16058 2018
16064 2015
16071 2018
16074 2016
16076 2018
16080 2016
16082 2017
16086 2016
16090 2018
16095 2018
16109 2017
16116 2018
16118 2016
16128 2015
16128 2016
16128 2018
16147 2016
16147 2017
16148 2016
16149 2018
16158 2015
16158 2017
16164 2018
16165 2016
16165 2017
16166 2016
16168 2015
16169 2015
16169 2016
16178 2018
16179 2015
16181 2017
16190 2018
16192 2016
16194 2016
16195 2017
16199 2016
16209 2015
16211 2015
16213 2015
16213 2016
16213 2018
16214 2016
16214 2018
16216 2017
16218 2017
16219 2018
16220 2018
16221 2015
16221 2016
16221 2018
16233 2015
16233 2018
16234 2018
16236 2018
16264 2015
16264 2017
16266 2015
16267 2015
16267 2018
16268 2016
16268 2017
16268 2018
16271 2017
16272 2015
16277 2015
16284 2016
16292 2018
16300 2016
16310 2017
16310 2018
16313 2017
16316 2016
16316 2018
16318 2018
16326 2016
16331 2015
16331 2017
16338 2015
16338 2017
16338 2018
16346 2016
16346 2017
16346 2018
16347 2015
16348 2015
16356 2015
16358 2018
16364 2015
16364 2017
16368 2015
16368 2018
16376 2015
16376 2017
16379 2016
16379 2017
16379 2018
16381 2017
16387 2018
16392 2017
16394 2018
16395 2016
16395 2018
16401 2017
16404 2018
16409 2015
16412 2015
16412 2016
16412 2017
16417 2015
16421 2018
16423 2015
16426 2017
16426 2018
16439 2015
16440 2018
16444 2018
16451 2016
16454 2015
16461 2015
16463 2015
16463 2016
16466 2017
16473 2016
16473 2017
16474 2015
16480 2015
16488 2017
16492 2017
16493 2017
16495 2015
16495 2017
16495 2018
16497 2015
16497 2016
16497 2018
16498 2015
16507 2016
16511 2015
16512 2018
16516 2017
16522 2016
16526 2018
16533 2015
16533 2017
16534 2016
16540 2015
16540 2016
16540 2018
16542 2018
16549 2016
16553 2017
16564 2018
16570 2015
16570 2017
16572 2018
16574 2016
16574 2017
16576 2017
16583 2018
16587 2016
16592 2015
16592 2017
16592 2018
16605 2015
16605 2017
16606 2016
16608 2015
16611 2018
16612 2015
16620 2016
16624 2015
16629 2017
16629 2018
16632 2017
16633 2016
16638 2015
16642 2016
16646 2015
16646 2017
16648 2016
16649 2015
16662 2018
16665 2016
16670 2016
16670 2017
16672 2016
16675 2016
16676 2015
16676 2016
16676 2018
16678 2015
16679 2015
16683 2017
16702 2017
16706 2015
16711 2018
16722 2016
16724 2017
16726 2017
16728 2016
16728 2018
16731 2015
16731 2018
16732 2018
16733 2017
16733 2018
16734 2017
16738 2016
16738 2017
16741 2017
16744 2016
16746 2018
16761 2016
16767 2017
16771 2018
16773 2015
16778 2015
16778 2016
16780 2017
16780 2018
16783 2017
16784 2018
16786 2015
16786 2016
16786 2017
16790 2018
16801 2016
16803 2015
16806 2016
16806 2017
16806 2018
16813 2018
16823 2015
16823 2016
16823 2018
16826 2015
16827 2017
16832 2015
16832 2018
16837 2015
16837 2016
16842 2015
16842 2018
16843 2015
16849 2018
16851 2018
16852 2017
16855 2015
16861 2015
16865 2018
16870 2016
16877 2018
16878 2015
16878 2018
16881 2016
16881 2018
16889 2016
16891 2016
16921 2017
16925 2018
16927 2016
16927 2017
16930 2016
16932 2015
16938 2018
16941 2015
16949 2018
16951 2015
16951 2016
16952 2015
16960 2018
16962 2017
16963 2016
16968 2017
16970 2016
16972 2018
16975 2018
16977 2018
16979 2017
16980 2018
16987 2017
16987 2018
16991 2017
16994 2015
16994 2017
16996 2015
17002 2016
17014 2015
17015 2017
17019 2015
17020 2016
17021 2017
17024 2015
17025 2018
17030 2016
17034 2015
17034 2016
17034 2018
17035 2016
17036 2015
17037 2018
17039 2016
17045 2018
17046 2016
17053 2018
17054 2017
17055 2016
17055 2017
17057 2015
17057 2017
17058 2016
17059 2018
17068 2016
17072 2015
17074 2015
17078 2015
17083 2018
17084 2015
17084 2018
17088 2015
17089 2016
17089 2017
17090 2016
17096 2017
17099 2015
17103 2017
17104 2016
17114 2015
17114 2017
17119 2018
17120 2016
17120 2017
17121 2015
17121 2016
17121 2018
17156 2016
17172 2016
17175 2016
17175 2017
17175 2018
17187 2015
17190 2016
17194 2017
17203 2018
17218 2015
17218 2016
17218 2017
17226 2018
17227 2015
17230 2016
17232 2017
17235 2015
17237 2017
17242 2016
17243 2015
17243 2017
17248 2015
17248 2016
17274 2015
17284 2015
17285 2016
17285 2017
17289 2015
17290 2018
17294 2015
17301 2015
17301 2017
17302 2017
17309 2015
17311 2017
17317 2017
17321 2015
17330 2015
17332 2017
17346 2018
17350 2015
17352 2015
17360 2018
17367 2018
17371 2018
17379 2015
17385 2017
17395 2015
17395 2016
17395 2017
17412 2016
17412 2018
17415 2015
17419 2018
17423 2017
17424 2015
17427 2015
17427 2018
17430 2015
17441 2016
17443 2016
17453 2015
17453 2016
17453 2017
17454 2015
17455 2015
17455 2018
17460 2018
17462 2018
17467 2016
17469 2017
17473 2016
17473 2017
17475 2017
17480 2016
17488 2018
17489 2015
17490 2018
17496 2018
17503 2015
17503 2017
17505 2016
17508 2017
17516 2015
17518 2016
17526 2015
17526 2017
17529 2018
17531 2015
17531 2017
17535 2015
17536 2015
17536 2016
17536 2017
17536 2018
17541 2015
17547 2018
17551 2017
17551 2018
17556 2018
17570 2015
17575 2017
17575 2018
17576 2015
17576 2018
17585 2017
17586 2018
17592 2018
17597 2018
17599 2017
17599 2018
17611 2015
17613 2015
17618 2018
17621 2018
17622 2017
17627 2017
17630 2018
17631 2015
17631 2018
17632 2018
17636 2017
17644 2018
17645 2017
17645 2018
17648 2016
17648 2017
17649 2018
17656 2017
17665 2017
17667 2017
17669 2018
17672 2017
17683 2017
17683 2018
17684 2018
17685 2016
17697 2017
17701 2016
17703 2015
17703 2018
17705 2015
17705 2016
17716 2015
17720 2015
17723 2016
17729 2015
17729 2018
17730 2018
17736 2017
17752 2018
17754 2015
17755 2018
17762 2015
17762 2016
17772 2015
17774 2018
17775 2016
17777 2018
17782 2015
17782 2016
17785 2015
17792 2016
17793 2015
17795 2017
17796 2017
17798 2015
17801 2016
17807 2015
17809 2015
17809 2017
17817 2016
17820 2015
17831 2016
17839 2015
17842 2018
17844 2016
17849 2015
17852 2015
17853 2016
17853 2017
17857 2018
17858 2015
17859 2016
17866 2015
17866 2017
17866 2018
17874 2017
17878 2017
17884 2015
17885 2018
17886 2015
17893 2018
17894 2016
17895 2016
17901 2016
17907 2015
17918 2015
17918 2016
17923 2016
17940 2015
17940 2018
17942 2018
17947 2016
17947 2017
17958 2018
17959 2015
17973 2016
17974 2017
17985 2015
17993 2015
17993 2017
18004 2018
18006 2015
18010 2016
18010 2018
18013 2017
18014 2015
18018 2018
18019 2018
18023 2015
18032 2018
18033 2017
18036 2016
18036 2017
18042 2015
18043 2017
18053 2018
18055 2017
18055 2018
18061 2017
18065 2015
18066 2018
18073 2015
18073 2018
18086 2016
18087 2018
18090 2017
18090 2018
18094 2016
18098 2015
18101 2016
18115 2017
18122 2016
18122 2018
18130 2018
18137 2017
18143 2018
18146 2016
18146 2018
18147 2018
18153 2016
18158 2018
18159 2016
18166 2015
18169 2018
18179 2015
18179 2017
18179 2018
18181 2016
18181 2017
18182 2017
18204 2018
18208 2015
18208 2018
18213 2016
18213 2017
18217 2016
18240 2017
18243 2017
18270 2018
18271 2015
18271 2017
18278 2017
18285 2017
18289 2015
18290 2018
18300 2018
18303 2018
18307 2018
18308 2016
18312 2017
18318 2018
18320 2016
18320 2018
18322 2016
18322 2017
18323 2016
18329 2015
18332 2015
18336 2015
18336 2016
18339 2015
18339 2016
18339 2017
18341 2016
18368 2018
18371 2015
18379 2015
18382 2018
18387 2016
18393 2015
18393 2016
18393 2017
18394 2017
18395 2018
18397 2017
18402 2017
18402 2018
